494.63
175.53
494.63
120.65
494.63
128.91
494.63
195.14
195.14
325.56
179.06
128.91
204.58
359.10
204.58
494.63
430.86
320.12
430.86
364.51
356.17
128.91
195.14
204.58
359.10
225.12
195.14
204.58
195.14
430.86
325.56
325.56
325.56
195.14
204.58
204.58
356.17
128.91
364.51
325.56
128.91
225.12
204.58
320.12
128.91
128.91
494.63
179.06
320.12
325.56
364.51
366.87
175.53
430.86
366.87
356.17
494.63
325.56
128.91
359.10
128.91
204.58
195.14
179.06
430.86
366.87
325.56
364.51
494.63
494.63
325.56
320.12
128.91
494.63
204.58
364.51
158.35
356.17
325.56
204.58
204.58
204.58
204.58
158.35
320.12
430.86
195.14
234.20
179.06
325.56
225.12
325.56
364.51
179.06
325.56
320.12
356.17
225.12
320.12
325.56
883.11
1465.72
788.53
1676.79
1216.16
624.04
1485.59
1465.26
883.11
1485.59
781.97
1477.12
1502.49
1654.62
1608.60
1535.30
788.62
781.97
1368.94
845.35
1777.14
1724.68
1031.34
1090.31
845.35
1724.68
742.25
883.11
639.73
718.30
1465.72
1031.34
1139.94
718.30
1399.39
801.73
1168.72
1502.49
1477.12
1030.14
621.12
1077.35
1116.31
771.83
765.13
1502.49
1624.01
1547.50
788.62
1465.72
788.62
1549.82
1045.96
1485.59
1394.55
866.18
1202.46
1282.84
788.62
781.97
1368.94
499.26
935.38
1031.34
1465.72
1468.46
764.24
883.11
1676.79
522.58
801.73
1063.46
883.11
1168.72
1312.16
1468.46
1654.62
883.11
764.24
483.34
1485.59
511.23
866.18
1676.79
1038.42
1156.55
845.35
788.62
483.34
1485.59
1465.72
1288.31
1030.14
538.36
573.58
1125.36
951.92
568.17
631.50
883.11
1894.85
1624.11
1634.13
990.84
1539.77
2337.73
1077.12
990.84
1260.96
1575.52
1633.26
1630.47
1444.13
1110.60
1732.20
1793.52
1705.26
1468.46
1996.18
644.69
993.55
1183.74
1879.09
1711.55
1865.67
1478.56
1235.69
1902.37
1120.10
1600.10
616.24
1633.26
1183.74
1779.92
1084.79
1883.49
1077.12
1961.96
1730.86
1579.73
1110.60
1539.77
844.90
1600.42
1716.13
1752.72
2279.82
1759.97
1663.39
1752.72
1366.61
1175.65
1964.86
1624.11
1873.00
1110.60
1473.75
929.16
1683.49
1110.60
1510.91
1746.74
2000.19
1408.25
1603.60
1746.74
1575.52
1344.18
1487.93
1727.10
1730.86
644.69
1633.26
1189.47
971.31
835.54
2030.59
1606.63
1483.06
966.87
1880.76
1084.79
1505.19
1952.80
1633.26
1996.18
1778.65
1058.50
1568.41
1208.82
1996.18
1780.58
1880.76
1879.09
1152.99
1523.75
935.40
2050.62
1483.77
1711.55
1403.48
966.26
1328.85
779.91
1220.35
788.62
866.07
1432.79
1416.98
1676.48
866.07
1346.14
1250.66
1222.41
1163.10
771.83
1038.42
678.74
1165.44
866.07
1676.48
875.39
751.16
1468.01
1515.99
1222.41
1202.46
1724.68
1112.02
1097.95
624.78
715.19
624.78
2004.34
1416.98
779.91
748.57
624.78
901.36
1119.17
779.66
771.83
1416.98
1429.72
905.79
1048.28
1515.99
624.78
866.07
1090.31
1496.46
1023.65
640.56
1090.31
650.68
535.67
1489.99
1489.99
625.15
535.67
755.30
1050.05
1803.97
1416.98
624.78
1654.62
1468.46
866.07
779.08
1222.41
1012.00
1165.44
1489.99
1264.53
1489.99
1120.10
1220.35
625.15
693.36
1114.90
779.91
927.98
1328.85
500.92
1468.46
752.69
2004.34
509.52
788.53
1502.49
640.56
901.36
658.14
1220.35
1961.96
1120.10
1337.63
795.80
1133.45
1704.06
935.40
678.74
835.08
1237.71
788.53
572.73
564.16
869.00
522.58
1468.46
640.56
1048.28
601.81
971.31
751.58
666.59
1060.47
568.17
1429.72
544.12
1139.94
572.73
788.62
738.92
710.15
883.11
1142.89
788.53
494.63
1606.63
406.36
779.08
1058.50
676.38
538.36
1683.49
771.83
848.42
837.80
1048.28
971.31
837.36
667.85
636.35
573.58
1110.60
624.78
866.18
1229.41
535.67
282.89
331.90
331.90
707.88
1050.05
755.30
848.42
802.96
448.34
437.40
785.59
795.80
755.30
755.30
1237.62
448.34
848.42
1165.44
1346.14
361.66
711.07
1165.44
1237.62
1050.05
752.69
787.42
1165.44
1125.36
785.59
363.02
667.85
755.30
331.90
198.42
795.80
640.56
1250.66
752.69
779.08
1116.31
448.34
624.78
162.18
813.95
331.90
198.42
1165.44
731.28
787.42
802.96
1048.28
752.69
640.56
331.90
1048.28
331.90
813.95
415.96
752.69
624.78
755.30
718.30
650.68
448.34
198.42
752.69
804.96
1237.62
755.30
448.34
992.40
779.08
1237.62
363.02
636.35
448.34
625.15
741.46
785.59
363.02
650.68
960.47
737.28
640.56
331.90
741.46
1202.46
331.90
1250.66
625.15
1050.05
1165.44
799.12
303.94
448.34
361.66
1237.62
1250.66
198.42
813.95
1478.56
1116.80
1185.24
1374.90
1168.72
380.88
593.83
781.97
1109.32
1392.10
751.58
1443.96
751.58
600.23
1392.10
593.83
564.16
624.04
851.24
1281.64
538.36
594.93
845.35
1473.75
1287.00
686.23
1361.08
686.23
1287.00
594.93
593.83
1058.50
624.04
666.59
751.58
1394.55
1281.64
895.14
1116.80
1281.64
1361.08
835.54
1216.16
1557.94
686.23
1443.96
1443.96
1281.64
483.34
1302.97
1478.56
807.48
1561.20
1394.55
639.73
1392.10
845.35
499.26
564.16
1394.55
880.41
1058.50
1156.55
1539.77
1392.10
718.71
1116.80
1312.16
1452.17
648.57
1473.75
380.88
1392.10
573.58
835.08
1312.16
1353.77
781.97
1473.75
1050.25
483.34
600.23
686.23
1443.96
751.58
600.23
1374.90
1394.55
738.92
1452.17
406.36
1058.50
600.23
1019.85
835.54
1156.55
538.36
1281.64
1443.96
774.64
2004.34
1776.48
1880.76
1714.80
1776.48
1894.85
2279.82
1862.45
2014.72
1857.04
2214.64
2214.64
1847.26
2072.18
1944.62
1880.76
1724.42
1903.76
1727.10
2024.20
1944.62
1847.26
2004.34
2032.23
2279.82
1862.45
1776.48
2073.13
1690.82
2214.64
1944.62
1964.86
1862.45
2072.18
2214.64
1902.37
1720.21
1894.85
1894.85
1690.82
1780.65
1894.85
2072.18
1780.65
1847.26
1894.85
1960.92
1902.37
2248.12
2214.64
1658.97
1987.39
2004.34
1776.48
1894.85
1897.19
1972.88
2214.64
1776.48
2014.72
1776.48
1960.92
1897.87
1944.62
1857.04
1857.04
1862.45
1658.97
1894.85
1720.21
2164.15
1776.48
1847.26
1972.88
1778.65
2047.06
1826.08
2214.64
1880.76
1776.48
1827.18
1496.46
2000.19
1894.85
2016.46
2004.34
1852.47
1809.91
1776.48
2014.72
1658.97
1862.45
2248.12
1847.26
1880.76
1724.42
1852.47
2014.72
1807.42
1944.62
1220.35
1209.08
1085.40
1828.71
1449.26
781.82
1222.60
1344.18
755.30
1113.16
2162.08
1586.21
1847.84
1761.68
1475.40
1921.68
1649.04
1826.93
1758.03
1249.66
1447.95
2162.08
1730.86
1806.06
1656.28
1522.60
1473.75
828.16
2097.69
1624.58
1662.88
1523.75
1865.67
1134.47
1478.93
1952.80
543.56
1746.74
1710.72
406.91
1894.85
1996.18
1179.09
801.73
1295.34
1649.04
1997.52
804.96
1556.78
1439.17
1506.38
1443.96
1113.16
2162.08
1557.20
907.19
1827.44
1972.88
1392.10
1842.24
1277.26
1152.99
738.01
158.35
1336.74
1338.30
1468.46
1987.44
1220.35
835.08
1632.10
1372.83
1416.98
494.63
1500.28
1612.43
1624.58
631.81
448.34
1553.21
1396.28
1229.41
1503.98
1809.91
636.35
1632.10
1478.56
1682.62
860.32
1758.03
2164.15
415.96
1235.69
1313.53
1577.55
1645.06
1761.94
1285.20
1013.78
1282.84
1630.47
1718.79
1593.12
1765.67
1921.16
1897.19
1839.67
1737.86
1372.83
1749.31
1550.55
1312.16
1170.54
1515.99
1412.13
1110.60
1632.10
1490.51
1630.47
1676.79
879.65
1683.49
1871.76
1164.20
1269.10
2159.33
1170.54
1676.79
1612.43
1915.79
516.69
1502.49
1342.39
1120.22
290.36
1603.89
1165.44
1171.68
1747.22
917.79
866.07
1386.33
781.82
1806.06
1030.14
1945.95
1871.27
1139.94
1048.28
1705.90
1671.23
1618.13
1865.67
2162.08
1676.48
686.54
1465.72
636.35
1344.18
2000.19
1931.21
522.58
707.88
1345.66
1779.92
835.54
844.90
1682.08
1483.06
1996.18
1663.58
1885.87
956.61
1865.67
1392.10
1447.95
1483.77
1905.50
1637.65
1833.56
835.54
1758.56
1953.03
1569.37
1624.11
1458.63
625.15
866.05
693.36
1632.10
2097.69
1996.18
1361.30
1443.96
1222.60
1525.26
1662.92
1719.37
1273.45
1633.26
1543.17
1344.71
1828.71
1550.04
1139.94
1624.87
1342.39
1513.04
1606.76
2097.69
1462.01
1683.49
1743.85
1489.99
1653.69
2197.33
1968.40
2143.74
1539.24
1164.20
1116.80
2239.35
2063.98
1894.85
1302.97
1628.60
992.40
457.49
1419.48
1634.13
1206.95
1120.10
1077.12
1944.62
1980.99
1682.10
1865.67
1921.68
2097.69
1806.06
1607.34
1671.23
1915.79
1468.01
1995.87
1395.03
1279.31
1776.48
1779.08
1921.16
755.30
682.22
1879.09
1558.12
1787.41
1899.69
1473.75
1798.38
1779.92
1988.56
1394.38
1752.03
880.41
1691.68
1699.56
631.81
1238.04
1490.96
1017.64
1870.43
1698.00
710.25
1603.89
1759.97
535.67
1175.65
1600.10
1810.94
1832.34
1485.59
1156.55
1019.85
917.79
1435.96
1220.35
718.71
1817.77
966.26
1060.47
1690.82
1485.37
1050.25
1745.09
1366.61
1125.36
1473.75
499.26
1408.25
1216.16
1649.49
844.90
1394.38
1048.28
1819.41
1466.95
1492.02
1780.07
1593.12
850.57
1809.83
1705.90
1152.99
1170.54
1691.68
1624.11
1256.92
1696.65
1761.68
1586.22
1624.01
1603.89
1761.68
658.14
1476.48
1345.66
1612.43
1189.47
1501.10
1793.52
879.65
1468.19
1110.00
2004.34
1707.38
1468.46
636.35
1216.16
1921.68
1638.66
752.69
1913.87
1485.59
1260.96
1589.75
1485.37
1456.34
415.96
1077.12
1916.37
877.17
1030.14
879.65
1770.37
1133.45
1292.85
1662.88
1587.21
1499.66
828.16
1785.72
1634.13
1761.68
1718.79
1516.68
1501.10
1676.79
1852.24
880.41
1659.50
1589.75
1682.10
1547.50
1760.00
755.30
1628.60
1543.17
1917.57
1903.76
1676.79
1588.80
1449.26
1810.94
1673.70
1120.10
1050.05
1344.71
1116.31
1449.26
1793.52
2162.08
1536.60
1305.54
1394.38
1077.35
1561.20
1468.46
2016.46
1761.68
1831.92
1269.10
1600.42
1483.06
331.90
2080.00
1372.83
1600.42
1674.09
1961.96
1842.10
788.62
666.59
1154.77
710.15
1761.68
1603.60
1871.27
406.36
1403.60
1722.49
1633.26
1593.24
1490.96
1077.12
1755.05
1152.99
1483.77
1705.90
1543.17
1989.13
1643.68
499.26
1593.12
624.04
1635.50
1683.49
1787.41
883.11
1515.99
1179.09
981.72
1556.78
874.99
1779.92
1787.41
1589.65
1951.77
1765.67
1506.38
1113.16
1171.54
1720.21
1058.50
1612.43
1336.74
731.28
1134.47
1573.12
966.26
1775.03
1287.00
1952.80
437.40
902.09
1485.37
1839.47
1556.78
282.89
704.94
1732.20
624.78
1120.10
1543.17
1489.99
1682.98
1490.51
1787.57
1354.00
1771.80
875.39
1536.60
1394.55
1037.45
1543.17
1505.19
1630.47
406.36
1170.54
788.62
1421.45
1548.87
1013.78
1237.71
866.05
1216.16
1468.46
1589.65
1964.86
1960.67
2072.18
1387.17
2000.42
1858.36
1120.10
1220.35
799.12
1116.56
1513.04
1276.06
1791.96
1865.67
1513.04
667.98
1395.03
1267.98
1645.06
1745.09
2065.16
1189.47
1496.46
883.11
1676.79
1344.71
1133.45
1705.90
1386.33
1586.22
1724.42
924.65
1216.16
1502.02
807.48
1624.11
1370.31
913.29
1996.18
1518.93
2162.08
1209.08
499.26
1203.93
1476.03
1900.18
1796.98
2032.23
1339.93
1492.64
1628.60
1628.60
1386.33
1515.54
1930.24
1372.83
1624.11
1447.95
1716.13
1889.71
1753.84
1865.67
1373.40
866.05
949.04
1361.08
1603.89
1017.64
1785.72
1606.63
779.91
1525.26
2016.46
1485.37
1077.12
966.26
1485.37
1248.46
703.45
1342.39
415.96
669.85
1198.24
1338.30
1513.04
862.61
1505.19
1113.16
1165.44
1485.37
1556.70
718.30
1676.79
1120.22
290.36
1449.26
962.14
1490.51
1125.36
1589.65
1366.61
1492.02
1455.37
1696.72
1113.16
1705.26
1209.08
1575.87
1905.50
2164.15
1630.66
1396.28
625.15
1807.67
1676.48
1485.37
1220.35
1599.27
1780.58
1539.24
1500.28
1454.05
1114.90
1952.80
1809.83
2013.21
1116.31
1630.47
1683.49
1710.72
1458.63
755.30
1839.67
1394.55
1761.68
1419.88
805.12
1745.18
1703.01
1372.83
2065.16
1557.20
1558.12
535.67
1435.96
2162.08
1432.75
902.09
2013.21
1676.79
1432.79
1839.05
1536.60
1586.21
1361.08
1666.52
1395.03
2159.33
924.65
779.91
1996.18
1500.28
1267.98
359.10
1398.85
751.58
935.38
1787.41
962.14
1513.04
1791.96
1718.71
1281.64
1870.43
1516.68
1077.12
1483.45
1862.13
1603.89
1779.92
1624.11
1550.55
1013.78
1483.06
1462.01
1222.41
1515.54
1696.65
1503.98
1206.95
1649.04
1449.26
1705.26
1806.06
1202.69
2000.39
1515.99
1749.93
1022.81
1903.76
1676.48
1997.52
1328.85
1060.47
1921.13
1705.90
1539.77
1229.87
1328.85
1810.94
1503.98
1640.78
1339.93
500.92
1628.60
1058.50
1392.10
1344.18
2162.08
1285.20
1447.25
1779.92
835.54
624.78
1243.10
1443.96
1466.95
1557.20
1120.10
866.07
1557.94
1478.93
1539.24
1666.52
2050.62
1496.46
1154.03
927.98
1536.60
1787.41
1633.26
1421.45
1523.01
667.98
1510.57
1017.64
658.14
1372.83
1696.86
1624.11
1897.19
1277.26
1696.65
905.79
1707.38
1839.05
1110.55
1921.13
1366.61
1964.86
801.73
464.68
1515.99
1110.60
1873.94
1287.00
1843.97
1624.01
1443.96
1593.12
1367.64
837.36
1872.44
1798.47
543.56
1154.03
788.62
1222.41
1030.14
1435.96
1688.90
1523.75
2004.34
682.22
483.34
290.36
1110.00
1022.81
1589.65
981.72
2214.64
1623.73
303.94
1519.98
1269.10
593.83
1171.54
1485.37
830.45
1724.42
1968.40
1865.67
1048.28
500.92
1361.08
835.54
1624.58
1561.20
1171.68
1691.15
359.10
568.17
1665.23
1730.86
667.98
922.69
1050.05
1515.54
1522.60
1423.86
1779.08
500.92
1386.33
802.95
1525.26
1732.46
1806.06
1673.70
1436.66
1873.00
1682.10
1921.13
1220.35
1642.15
805.12
1608.60
1292.85
774.64
1557.68
1637.65
1624.01
1720.21
1634.13
1586.22
1467.52
1170.54
1360.76
1202.46
874.99
1792.88
1522.45
1525.26
1516.68
1970.01
1743.85
1792.31
406.36
1157.87
1114.90
1970.01
669.85
1133.45
1549.54
962.14
1873.00
1662.88
2159.33
1513.04
1510.57
866.76
1899.69
1710.98
573.58
1337.63
913.29
1349.04
1676.79
1500.28
1549.82
1631.49
1444.13
2098.07
446.94
1013.78
1416.98
1631.49
795.80
1466.31
1513.04
1019.85
624.78
1030.14
1287.00
1250.66
1633.26
1229.41
1826.93
1716.13
636.35
1502.02
1435.96
1683.49
1468.46
1264.53
1603.60
1462.01
1873.00
2214.64
1770.91
1496.46
1394.55
835.54
1468.19
1500.28
631.81
1792.88
415.96
1826.08
1727.10
1663.58
1800.86
1285.20
1398.85
1133.45
1256.92
1746.74
883.11
320.12
1023.65
594.93
1175.65
1110.60
1030.14
715.19
738.92
1632.10
1543.17
713.71
1306.64
2004.34
913.29
1761.68
1682.98
1336.74
1593.12
406.91
1476.03
1545.67
960.47
1375.88
1438.52
1206.95
1889.90
1423.85
1603.89
710.15
2337.73
1338.30
2000.42
1203.93
1535.30
1249.66
1395.03
801.73
322.00
500.92
1466.95
1676.79
1833.24
290.36
1718.71
678.74
1164.20
1164.20
1193.72
1659.50
1220.35
1501.10
1478.31
895.14
789.01
1120.10
1842.10
1787.41
1077.12
2214.64
1905.50
1673.70
1031.34
1454.05
1434.78
718.71
1682.33
1276.06
1496.46
1265.57
1606.63
1666.29
1510.57
1455.85
1685.92
1666.29
1590.82
1435.34
1171.68
1503.98
1749.93
1171.68
1746.74
628.40
949.34
1682.62
1630.47
1842.10
830.07
1170.54
1573.12
1060.47
1839.67
1468.46
1970.01
499.26
1342.39
1478.93
1225.63
1624.58
1690.82
1862.13
1503.98
1338.30
1421.21
1658.97
2214.64
437.40
2063.98
738.92
1116.80
1716.13
1152.99
1490.96
589.11
1858.36
1513.04
1980.99
2065.16
1468.46
1691.68
1520.73
2065.16
1699.56
1500.28
872.19
738.92
1624.01
752.69
1649.04
1573.12
1342.39
2162.08
1625.46
1800.86
1705.26
1222.60
1765.67
1789.85
1828.71
594.93
1152.99
1050.25
1483.06
1791.96
1719.37
1506.38
1837.25
1673.70
1491.90
1606.76
1817.77
1513.04
2124.16
981.72
1399.39
1165.44
2032.23
1716.13
1690.82
640.56
1216.16
850.57
1171.68
1269.10
1328.85
544.12
1435.96
1489.99
1742.34
1171.68
866.07
1120.22
1568.41
415.96
799.12
1673.70
1605.84
1292.85
1682.62
1785.53
1788.75
1671.23
1661.61
1671.23
1220.35
1746.74
1624.11
1116.31
755.30
1152.99
1110.60
1607.34
482.65
1539.24
2098.07
1745.09
1447.95
1351.69
966.87
1716.13
2214.64
322.00
1084.79
1787.57
917.79
1287.00
1394.55
1676.79
972.58
1222.41
1794.57
1827.44
1972.88
1577.55
1705.26
1826.93
1682.33
1980.99
1682.62
1683.49
1676.79
1386.33
1809.29
1466.95
1473.75
1434.42
1523.01
1528.91
1515.99
874.99
624.78
1645.06
1619.00
1171.68
1110.55
1077.12
1523.75
1331.53
415.96
667.98
1705.26
1605.84
1510.57
1459.63
1997.52
1945.95
2124.16
1208.82
1478.93
1110.60
1392.10
1120.10
1791.96
678.74
1496.46
922.69
1707.38
1897.37
1365.21
1779.92
992.40
1490.96
1716.13
415.96
1478.56
1198.24
1634.13
1634.13
1549.82
802.96
1447.95
1683.49
204.58
875.39
1840.75
1705.26
866.07
1113.16
1851.70
748.57
800.18
1996.18
1839.05
1562.23
1944.62
1988.56
1372.83
1487.93
1110.00
1826.93
1719.37
1501.10
1661.61
1797.14
704.94
1716.13
1312.16
1487.93
1520.73
897.78
1248.46
1630.47
1485.37
875.39
1411.95
1833.24
1478.93
966.87
1549.82
1550.04
1600.42
1944.62
2000.19
568.17
204.58
883.11
1630.66
1705.90
1897.19
1356.46
1608.60
1872.44
1643.68
1711.55
658.14
1793.21
1780.65
1561.20
1747.22
2065.16
1392.10
1980.99
1394.55
1305.54
1452.17
901.36
1600.42
1539.24
1757.81
1271.52
1632.10
198.42
1870.43
1411.95
1419.88
406.91
875.39
1832.34
1593.12
1705.90
981.72
1809.83
1489.99
883.11
1871.27
1225.63
895.14
636.35
1163.10
1862.45
1852.47
1361.08
648.53
1201.26
1171.68
866.07
1755.18
1248.46
1344.18
1367.64
1548.87
1573.12
1862.13
751.58
322.00
1828.71
1699.56
431.17
1988.56
1510.57
2164.15
1761.94
788.53
1222.60
572.73
1649.04
1568.41
781.97
1179.09
1761.68
568.17
1165.44
718.30
1865.67
1586.21
2164.15
992.40
1201.26
1377.35
1466.31
1711.55
658.14
1870.43
1416.98
1422.12
570.99
1630.47
1513.04
1847.84
1705.90
726.14
1705.26
1208.82
1839.05
1573.12
1671.23
1785.53
499.26
1171.68
1152.99
916.02
1443.96
1724.68
1977.89
1476.03
1547.50
1562.23
1285.23
1362.39
1480.87
2337.73
1017.64
1746.74
1632.42
1753.56
1531.20
1170.54
1435.96
2097.69
1631.49
738.92
1503.98
1437.95
2014.72
1673.70
1699.90
1807.67
1447.25
1536.60
1742.34
1779.08
1346.14
1561.20
779.91
1710.53
1770.37
406.36
1593.24
1828.71
1889.87
1392.10
1365.73
779.91
1250.66
1728.07
1170.54
1690.82
1202.46
807.48
1394.55
1558.12
1392.10
1761.68
1260.96
500.92
564.16
1603.60
1797.14
1496.46
1649.04
1952.80
1373.40
1559.83
1730.86
1676.79
1328.85
1468.19
1449.26
1637.65
1183.74
1632.10
1492.02
1208.82
1048.28
715.19
1809.91
1338.30
1436.66
752.69
1222.41
1437.95
1676.79
1077.12
1367.64
1758.03
883.11
1979.83
1023.65
779.91
1716.13
966.26
1710.98
1979.83
966.26
1745.09
1865.67
1873.00
781.97
448.34
903.30
1550.04
1705.90
609.73
1809.29
1872.89
1389.11
1586.22
1050.25
648.53
1729.08
875.39
117.24
1229.87
1961.96
1683.49
1590.82
1979.83
1623.81
1797.14
1699.56
1466.95
1366.61
631.81
866.07
1603.89
1462.01
1968.40
1113.16
1599.27
1346.14
1634.13
631.81
1515.99
1468.01
1302.97
1798.38
1031.34
1716.13
2214.64
779.08
1770.37
128.91
1987.44
1302.97
1765.67
1787.41
1110.55
1832.34
1988.56
1671.23
1561.20
650.68
1682.10
1683.49
1465.72
1365.73
1758.56
1282.84
1862.13
1483.06
1157.87
204.58
1918.89
539.36
282.89
1394.38
800.30
1883.49
1765.79
1437.95
1694.37
1676.79
1539.77
1557.68
1116.56
830.07
1745.18
1171.68
1395.03
511.23
1536.60
1730.86
1691.15
1510.57
781.97
1435.96
1468.46
1832.34
866.07
715.19
1192.88
1113.16
1386.33
962.14
1561.41
1686.98
1847.84
636.02
1770.37
800.18
1952.80
1930.24
1436.66
1238.04
1473.75
738.92
1865.67
1366.61
969.85
1586.22
1022.81
837.36
535.67
879.65
499.26
1839.47
1828.71
1832.34
1468.46
1189.47
667.85
1483.06
1745.18
1208.82
290.36
1682.33
1705.26
406.36
1339.93
748.57
860.32
1216.16
1797.14
916.02
331.90
1171.68
1987.44
1491.90
1806.06
1828.71
1345.66
1682.08
1828.71
1295.34
949.34
1142.89
1603.60
1429.72
1558.12
927.98
1510.57
2279.82
631.81
1112.02
1828.71
1964.86
1434.42
1753.56
1468.46
1017.64
1915.79
1190.16
1222.41
1519.98
1747.22
1518.93
459.21
1603.89
781.82
1133.45
225.12
1686.98
1828.71
1683.49
1193.72
1468.46
1605.84
1701.23
1600.42
1271.52
1494.23
538.36
1839.67
2000.19
1120.10
1718.76
1338.30
1839.05
1865.67
1663.39
600.23
738.92
1506.38
1889.71
1607.34
1125.36
1461.33
1220.35
1189.47
1760.00
1705.26
1857.04
1705.26
1085.40
1683.49
1515.99
1779.92
981.72
1642.15
1109.32
907.19
1485.37
1673.70
1586.21
1473.75
1776.48
1157.87
774.64
960.47
1718.79
1556.70
1703.01
1365.21
1396.28
1220.35
601.81
1797.14
1134.47
1952.80
1165.44
1682.33
678.74
1395.03
1167.78
922.69
359.10
1659.50
1673.89
755.30
1084.79
2143.74
1794.57
1344.18
1872.44
1473.75
1624.11
1600.42
1682.10
2143.74
1120.10
875.39
1921.68
1691.68
631.81
1964.86
2239.35
1506.38
1732.46
1619.00
1423.86
1260.96
1366.61
1309.85
1671.23
1435.96
1970.01
1510.91
1503.98
1800.86
1695.08
1253.76
1798.38
993.55
1423.86
1438.41
1785.53
1894.85
464.68
1120.10
1394.55
1899.69
1719.37
1222.60
1880.76
1600.10
1625.46
1827.44
966.87
837.36
1806.06
282.89
1842.24
1980.99
1987.44
1696.72
1516.68
1513.04
1523.01
1873.94
128.91
1691.15
1222.60
1154.03
1931.21
1265.57
1339.72
1434.78
1567.43
1707.38
1503.98
1624.11
1516.68
1658.97
875.39
1550.55
1125.36
1084.79
875.39
774.64
922.69
1483.06
639.73
1607.34
883.11
1539.24
1944.62
1873.00
1557.68
1951.77
1523.01
1490.51
1633.26
1828.71
1171.68
500.92
1208.82
1827.44
1619.00
1776.48
1839.47
650.68
290.36
1779.08
1163.10
1791.96
1085.40
1889.71
1203.93
1605.84
1189.47
1203.93
1328.85
1573.12
1987.44
1313.95
1852.47
1476.03
1336.74
1732.46
1698.00
1905.50
631.81
1542.40
1261.41
1995.87
1165.44
793.58
1547.50
1489.99
1779.92
751.58
1305.54
1396.28
1638.66
1673.70
1996.18
990.84
1435.96
1503.98
406.36
1710.72
1721.56
2050.62
1833.24
448.34
415.96
1732.46
1740.85
1269.10
1828.71
771.83
1189.47
1386.33
748.57
2143.74
1220.35
1120.22
1915.79
1727.10
1489.99
972.95
866.07
1437.95
1624.11
1740.85
1506.38
631.81
1691.15
1170.54
1918.89
1615.13
1480.87
1870.43
361.66
1643.96
1606.63
1685.92
624.78
764.24
1945.95
1873.00
1110.00
771.83
1523.75
1889.71
1765.67
1344.18
1787.41
1628.60
1222.41
1575.52
1513.04
1483.06
1113.16
1282.80
771.83
1705.90
1846.41
1632.10
1930.24
2239.35
1843.97
1395.03
1630.66
650.68
992.40
1432.79
738.92
1682.10
1361.08
1852.47
1282.84
1865.67
1628.60
1559.59
1770.37
1535.30
1718.79
437.40
891.90
715.19
1500.28
774.64
1839.47
1662.92
2164.15
1671.23
1394.38
1060.47
494.63
960.47
1556.70
1536.60
1699.56
1050.05
752.69
1403.60
1300.19
1623.81
862.61
1048.28
1600.42
1578.97
2124.16
991.49
1392.10
522.58
678.74
1634.13
1492.02
1806.06
1500.28
1593.12
1523.75
1833.56
1843.97
1375.88
1873.00
1528.91
1593.12
960.47
1410.58
1789.85
303.94
1833.24
1918.89
1155.05
1523.01
990.84
1796.98
1209.08
1656.28
1519.98
1610.25
715.19
1673.89
1683.49
1586.22
866.05
1180.63
1842.10
667.98
1721.56
1987.39
860.32
1443.96
2098.07
1395.03
795.80
1826.93
1222.60
917.79
1394.55
1916.37
1019.85
1370.31
1970.01
1577.01
1237.62
1653.69
1634.13
1342.39
1185.24
1624.58
1346.14
802.96
1110.00
1455.37
361.66
1674.09
500.92
1520.73
1220.35
1796.70
1649.49
1878.06
1458.63
1607.34
384.77
738.92
1336.74
1828.71
1222.60
1522.45
1977.89
1642.15
1452.17
1671.23
1208.82
1624.11
500.92
2162.08
1499.66
960.47
779.91
715.19
2050.62
1361.08
1535.30
1879.09
1810.94
1438.52
1624.11
1510.91
966.26
1780.58
1682.08
1625.46
1634.13
1506.38
1921.68
1489.99
1720.21
956.61
830.07
1643.96
1798.47
1543.17
841.27
2248.12
1392.10
1496.46
1676.79
1624.01
1519.98
1154.03
1485.59
1295.34
1905.50
1154.03
1789.85
1787.41
1419.34
2162.08
1345.66
1392.10
1686.98
1705.26
1577.55
788.62
1077.35
1623.81
1449.26
1847.08
1501.10
1285.20
1048.28
1154.03
1152.99
1905.50
1501.10
1171.68
1872.44
1543.17
1696.65
1899.69
1870.43
1624.11
1522.45
1785.53
1154.03
500.92
1663.39
1952.80
1673.89
1496.46
2162.08
631.81
1828.71
1157.87
1152.99
1367.64
1565.16
1779.92
1676.79
1163.10
1779.92
1575.52
874.99
1798.38
1682.10
1951.77
2197.33
1295.34
771.83
1461.33
1665.23
1575.52
1649.04
1165.44
1921.13
1897.87
1806.06
446.94
1676.79
1883.21
282.89
799.12
1421.45
848.42
1434.42
483.34
1749.93
1256.92
1193.72
1164.20
1206.95
1666.29
1673.70
1253.76
1154.03
1793.52
1676.79
1485.37
966.87
1951.77
1523.75
1523.01
1295.34
1536.60
1796.70
1265.57
1229.41
500.92
1165.44
1682.10
950.24
1458.63
1510.57
1579.73
2143.74
1980.99
1755.05
1501.10
631.81
1458.63
1879.09
1487.93
1792.88
1872.44
1997.52
1516.68
1747.22
1612.43
1558.12
1839.67
835.54
511.23
1995.87
2279.82
1516.68
903.30
1696.65
1970.01
1513.04
1615.13
1649.04
1980.99
905.79
1730.86
667.98
1295.34
1624.87
781.97
1584.88
1599.27
1852.47
1749.93
1631.49
1201.26
1222.41
1539.10
1798.38
1944.62
1548.87
1761.68
1313.95
981.72
1575.52
1084.79
1682.08
1110.00
1519.98
1872.44
1711.55
2000.42
1519.98
897.78
1745.09
1058.50
1628.60
1328.85
1603.60
1338.30
972.95
1154.03
1682.08
1410.58
1593.12
866.18
1663.39
1593.12
1589.75
1970.01
1634.13
500.92
1490.51
1145.33
1403.60
2162.08
880.41
1619.00
1915.79
1171.68
1372.83
1843.97
1728.07
1632.10
1732.46
568.17
748.57
1164.20
1503.98
1579.73
1671.23
1605.84
1649.42
1515.99
1593.12
667.98
1785.53
1833.56
1873.00
1727.10
1787.57
1682.10
895.14
1048.28
1632.10
866.07
1543.17
1515.99
1593.12
788.62
1683.49
1921.13
1109.32
1718.79
1048.28
897.26
1796.70
1421.21
1779.08
1673.89
1593.12
907.19
1536.60
1017.64
1288.31
1483.77
1060.47
1666.29
1632.42
879.65
1030.14
1624.58
1158.68
1865.67
1300.19
1273.45
1625.53
1410.58
738.92
1154.03
1682.10
929.16
625.15
538.36
544.12
1344.71
1785.72
715.19
1624.11
1634.13
1395.03
1436.66
1865.67
1930.24
929.16
1494.23
2143.74
1461.33
1780.07
1349.04
1573.12
1746.74
1345.66
1416.98
1166.93
1589.65
1729.08
1437.95
1149.07
1653.69
781.97
917.79
935.40
631.81
966.26
1220.35
860.32
897.78
1423.86
1282.84
851.24
500.92
1496.46
862.61
738.92
1833.24
813.95
2337.73
1361.08
1590.82
1831.92
1666.52
866.76
1746.74
2004.34
1791.96
658.14
1120.10
1165.44
1683.49
589.11
1468.46
1419.34
1459.63
1945.95
1084.79
1022.81
1593.12
1587.80
1943.24
1862.45
1490.96
1659.50
1771.80
752.69
1589.65
1180.63
1740.85
1110.55
303.94
738.92
1338.30
1705.90
1732.12
1063.46
1535.30
1265.57
874.99
1419.88
1661.61
1487.93
1673.70
1798.38
570.99
1777.14
883.11
1728.07
1170.54
1149.07
1165.44
2000.42
1287.00
1285.20
1988.56
1630.66
1202.90
1944.62
1632.10
1683.49
1970.01
1630.66
1170.54
1513.04
1336.74
1732.46
1396.28
1395.03
1062.52
1777.14
1600.42
1793.21
1832.34
2162.08
1995.87
564.16
1536.60
1496.46
1549.82
499.26
752.69
1134.47
1952.80
1344.71
1466.95
1913.87
788.53
1777.14
1593.12
1605.84
500.92
1050.25
1831.92
1789.85
1013.78
1154.03
1980.99
1718.79
1703.01
1683.49
1468.46
500.92
1953.03
1559.83
1248.46
2162.08
1478.56
1749.93
1256.92
1478.31
1796.70
2072.18
1791.96
738.92
1865.67
1229.87
1510.57
1805.77
1724.68
1716.13
1455.85
1785.47
883.11
483.34
1120.10
1543.17
1749.93
1222.60
1666.18
1366.61
1494.23
1492.02
1395.03
1394.55
1163.10
2097.69
2050.62
1216.16
828.16
1107.96
1577.55
1899.69
737.28
1791.96
1235.69
2143.74
1603.89
1967.87
650.68
1561.20
1490.51
1229.41
1492.02
1120.22
1048.28
1624.11
1163.10
1758.03
1525.26
1630.47
1649.04
1443.02
1557.20
1447.95
2162.08
1513.04
1656.28
1077.12
1206.95
1828.71
1642.15
1612.43
793.58
1515.99
1809.83
1682.08
1673.89
2143.74
835.08
1443.02
1785.72
1628.60
1017.64
1852.47
704.94
1502.02
1777.14
1543.17
1366.61
738.92
1231.67
1730.86
1013.78
1624.11
1716.13
1503.98
1603.60
1372.31
1988.56
1589.65
1520.73
1787.41
500.92
1285.20
1060.47
1817.77
1780.65
459.21
1345.66
1317.33
1827.44
1873.00
1313.95
1828.71
1778.65
1154.77
1705.26
1930.24
1827.44
1649.42
1608.60
1090.31
1988.56
1456.34
1277.26
1492.02
1832.34
1361.30
650.68
1683.49
1849.58
895.14
1608.60
1593.24
1344.17
1485.37
738.92
748.57
1807.67
1590.82
1154.77
1468.46
1997.52
1510.91
1809.83
658.14
1523.75
781.97
1287.00
1630.47
874.99
535.67
1536.60
800.18
1746.74
1386.33
1344.71
1871.27
1349.04
1462.01
1578.97
1344.71
1179.09
1265.57
446.94
1691.68
848.89
678.74
1180.63
406.36
1899.69
1745.09
1346.14
1154.77
494.63
1201.26
1447.95
1399.39
1183.74
2197.33
1416.98
1398.85
1603.89
1805.77
1865.67
1336.74
1682.62
1392.10
1755.18
1865.67
1624.58
1673.70
1630.66
631.50
1676.79
1295.34
1022.81
1889.71
1996.18
1980.99
1154.77
1671.23
883.11
913.29
1711.55
1154.77
1682.62
290.36
1220.35
1793.52
927.98
1558.12
1720.21
1930.24
204.58
1292.85
1899.69
1921.13
795.80
1353.77
1721.56
1915.79
1638.66
2000.42
1561.20
1630.47
711.07
1618.13
1125.36
704.94
1434.42
225.12
1996.18
650.68
658.14
1558.12
1285.20
2159.33
1060.47
1871.27
2079.14
949.04
1837.25
1588.80
1797.14
568.17
774.64
1721.56
1556.70
1628.60
666.59
1653.69
2197.33
1171.68
1149.07
686.23
1787.41
1809.83
1633.26
2143.74
1615.13
1586.21
290.36
1134.47
1796.98
1970.01
1837.11
1839.67
564.16
1663.39
1698.94
1988.56
1349.04
1398.85
1586.22
1696.86
764.24
2000.19
1394.38
1490.96
1809.91
1360.76
1375.88
1467.52
2065.16
771.83
1017.64
1980.99
1789.85
572.73
1461.33
1550.04
1513.04
1780.65
1753.84
1387.17
1165.44
1575.52
1632.42
1559.59
787.42
1443.02
1120.10
1499.66
1354.00
1607.34
1945.95
1673.70
1048.28
1661.61
1623.81
1216.16
1342.39
1843.97
1666.18
1623.81
1714.80
1671.23
1921.13
1633.26
1944.89
1785.72
1396.28
1292.85
1579.73
322.00
1749.31
1638.66
1828.71
1539.10
1683.49
2214.64
538.36
1573.12
715.19
1796.70
1510.57
1695.08
1419.88
648.53
1398.85
1434.42
1475.40
1573.12
1787.57
1839.47
1287.00
1857.04
648.53
1503.98
866.76
1562.23
1267.98
1116.80
1673.70
1618.13
1154.77
801.73
1682.10
1449.26
1435.34
1718.79
1567.43
1499.68
1718.79
644.69
1473.75
1477.12
1392.10
1277.26
1485.59
1925.32
1156.55
992.40
1840.75
779.66
1798.47
1501.10
1500.28
1432.79
1732.20
446.94
1889.71
1872.44
1165.44
1777.72
1222.41
799.12
1183.74
535.67
1839.67
1828.71
1539.24
1476.03
1851.70
282.89
1685.92
1125.36
1306.64
1745.18
982.64
805.12
1747.22
752.69
1344.17
1575.52
678.74
1528.91
715.19
546.04
1573.12
1496.46
990.84
1590.82
1562.23
1090.31
1839.47
1732.46
1777.14
1483.77
1450.67
1336.74
799.12
1696.65
1944.89
738.92
883.11
879.65
1746.74
1843.97
1222.60
1921.68
1225.63
1189.47
1875.72
1261.41
2097.69
830.07
1386.33
1584.88
949.04
1776.48
1282.80
1149.07
1779.08
1366.61
1017.64
1788.75
1995.87
1705.26
1336.74
1328.85
1156.55
1282.84
1698.00
1344.71
1921.13
1671.23
1328.85
1421.21
483.34
1765.67
1336.74
1455.37
1458.63
1819.41
2239.35
751.58
1765.79
1575.52
718.30
282.89
1683.49
1489.99
1386.33
1060.47
499.26
1593.12
1807.67
1416.33
1739.18
1395.03
1455.37
935.38
1623.81
1030.14
1189.47
1579.73
1256.92
866.07
801.73
897.26
1809.83
2143.74
1605.84
2013.21
1163.10
1593.12
1553.21
1202.69
1273.45
1862.45
1338.30
1851.70
1777.72
1952.80
1562.23
1386.33
1535.30
1880.76
1085.40
830.45
1438.41
1549.82
956.61
1114.90
1216.16
1110.00
1871.76
1423.86
1539.10
1872.44
1578.97
1586.22
303.94
331.90
1903.76
1631.49
971.31
1827.18
564.16
835.54
755.30
1777.72
1367.64
1960.67
788.62
1419.34
1423.86
764.24
1809.83
1171.68
568.17
1313.95
1757.81
1695.08
1285.20
1873.00
1449.26
568.17
1759.97
2143.74
1456.34
2214.64
1468.46
2214.64
784.52
1902.37
1017.64
1416.98
805.12
1189.47
1649.42
1536.60
1287.00
1501.10
686.54
799.12
1475.40
1155.05
1987.39
1930.24
1624.11
636.02
1468.46
1133.45
949.34
1785.53
866.18
1515.99
1394.38
1423.86
1827.44
1719.37
917.79
1152.99
1883.49
1342.39
1996.18
1109.32
738.92
1752.18
1120.10
1292.85
1662.92
1510.57
1346.14
225.12
1753.84
1292.85
1996.18
1536.60
1557.20
1394.38
2065.16
1605.84
1662.88
1575.87
1847.26
693.36
1915.79
1436.66
1535.30
644.69
1872.44
1434.78
1344.18
1746.74
1831.92
1269.10
1565.16
1339.93
866.07
845.35
877.17
1967.87
1116.56
922.69
1691.68
883.11
1593.12
1292.85
1222.60
1561.20
1510.91
1473.75
415.96
1755.18
1492.64
1208.82
1120.22
1395.03
1516.58
1607.34
1156.55
1287.00
835.54
1810.94
1346.14
1553.21
990.84
2214.64
1776.48
1248.46
1809.83
1421.21
1726.51
1523.75
1260.96
1480.87
1593.12
1371.86
774.64
1800.86
1220.35
1256.92
1879.09
1372.31
1682.98
1107.96
1451.85
1250.66
1883.21
1587.80
1905.50
1676.79
1632.10
1977.89
1050.25
1785.53
883.11
1447.25
1060.47
1248.46
1120.22
1903.76
644.69
1557.20
1193.72
738.92
1356.46
1995.87
1791.96
636.35
1229.87
1109.32
1557.68
1515.99
1698.00
1501.24
1515.99
150.34
1632.42
1787.41
1449.26
1691.68
1133.45
1871.27
1809.91
1180.63
570.71
2239.35
1113.16
1730.86
631.81
1447.25
1952.80
1468.46
1827.44
1761.94
500.92
1273.45
150.34
1780.07
738.92
752.69
1785.72
2004.34
874.99
669.85
1580.95
2098.07
1787.57
448.34
1638.66
1222.60
1819.41
1261.41
1894.85
1996.18
2143.74
1485.37
1730.86
1154.03
1437.95
648.57
1483.77
1632.42
992.40
1133.45
1676.79
446.94
1807.67
303.94
1691.38
631.81
897.26
1090.31
718.30
1503.98
1019.85
1110.60
1366.61
1107.96
1561.20
1443.96
1146.78
1292.85
1501.10
1686.98
1603.89
1432.79
1826.93
1862.13
1133.45
1216.16
922.69
1623.73
738.92
650.68
1408.25
949.34
1871.27
1573.12
1109.32
1996.18
1116.31
1883.21
1279.31
1201.26
1339.93
875.39
1394.38
1394.38
1361.08
1889.71
844.90
1311.23
1449.26
1682.62
636.35
1505.19
1403.60
924.65
1711.55
1798.38
1167.78
1490.51
1312.16
1682.98
1633.26
1372.83
1345.66
718.30
2337.73
1090.35
2004.34
1183.74
704.94
1956.89
1683.49
1520.73
1231.67
1628.60
1513.04
1408.25
1373.40
751.58
1434.42
1344.71
1344.17
1374.90
564.16
1220.35
1125.36
1220.35
1449.26
1732.46
2000.39
1590.82
1261.41
1921.13
916.02
1671.23
1120.10
1809.91
1179.09
1202.90
1624.11
1575.87
1837.11
483.34
1282.84
2162.08
1883.49
1837.11
1249.66
1980.99
1770.37
2014.72
1624.11
1557.94
1503.98
1878.06
1436.66
1366.61
1411.95
1485.37
322.00
482.65
628.40
1732.12
1376.59
1510.57
2098.07
1809.83
1539.77
950.24
1465.72
1740.85
359.10
1416.33
1490.51
1632.42
1606.76
1084.79
1499.66
543.56
543.56
1264.53
644.69
1980.99
2004.34
1968.40
1492.02
1395.03
1745.18
1794.57
913.29
1787.41
564.16
966.87
1110.60
1500.28
972.58
1624.11
1084.79
1623.81
1676.79
644.69
1220.35
1434.42
1649.04
1346.14
1676.79
2097.69
1851.70
1156.55
1300.19
1565.16
1269.10
1281.64
891.90
1030.14
1336.74
1705.90
1030.14
738.92
1154.03
1753.56
1447.25
1386.33
956.61
1779.08
1536.60
1624.11
1632.61
1577.55
1238.04
779.66
1573.12
874.99
771.83
1785.47
1970.01
1344.71
1970.01
1180.63
1243.10
483.34
895.14
1114.90
1279.31
1523.75
1510.57
752.69
1549.82
1753.84
1361.08
1264.53
1665.23
1630.66
1987.44
1366.61
1165.44
1361.30
1827.44
1287.00
1468.46
1671.23
1171.68
500.92
1666.29
1673.70
802.95
1238.04
1222.60
860.32
1593.24
1473.75
418.17
1229.41
1478.31
1611.66
1729.08
1737.86
1514.40
1449.26
1798.47
1913.87
1711.55
1840.75
1719.37
1777.14
1556.70
1113.16
1487.93
1403.48
1250.66
1747.22
1539.10
1116.31
1837.11
686.23
1803.97
1328.85
1154.77
969.85
1921.13
1600.42
1523.01
1593.12
1447.95
1465.72
947.72
1394.55
935.40
1518.93
631.81
1045.96
1478.56
1503.98
917.79
1220.35
874.99
1587.80
1839.67
1120.10
1396.28
686.23
1683.49
406.70
1058.50
788.53
1342.39
1558.12
2279.82
2159.33
1342.39
1894.85
788.53
1031.34
1979.83
1501.24
1465.90
1499.66
1539.24
784.52
1873.00
1632.10
1050.25
2279.82
1899.69
1846.41
1698.00
1515.54
564.16
1587.21
1215.84
1515.99
1476.03
972.58
543.18
2065.16
1573.12
788.62
1465.72
1779.92
1238.04
1779.92
2097.69
1012.00
731.28
1683.49
1704.06
631.50
631.50
570.99
1749.31
1624.87
1313.95
1827.18
1311.23
2098.07
1513.04
1257.31
1656.28
1980.99
1630.66
1366.61
1623.73
771.83
718.71
1539.24
1557.68
1632.10
1556.78
927.98
1852.24
1915.79
1837.11
1987.44
1634.13
1588.80
1438.41
2162.08
1749.93
1237.62
751.58
667.98
1755.05
1152.99
1865.67
1755.18
1506.38
1203.93
1447.95
1235.69
1676.48
738.92
1392.10
1737.86
795.80
1666.18
1023.65
1691.15
1491.90
1163.10
787.42
1671.23
1492.02
1549.54
1506.38
1237.71
1865.67
1434.42
1336.74
1465.90
1746.74
1019.85
1809.83
2000.19
1478.31
499.26
538.36
1843.97
1170.54
738.92
1593.24
830.07
1637.65
1787.41
1496.46
1852.24
1837.11
1557.20
1844.58
1902.37
1306.64
1478.93
1531.20
1549.54
1250.66
935.38
1520.73
1489.99
1311.23
1465.72
1691.15
1238.04
1510.57
1776.62
648.53
799.12
644.69
1443.96
1502.49
1605.84
1705.26
1202.90
966.26
1599.27
1398.85
1142.89
1827.18
1682.10
1724.42
1550.04
1977.89
1152.99
1489.99
1593.12
1726.51
2164.15
483.34
625.15
1338.30
1406.95
897.78
850.57
1902.37
1165.44
1810.94
1183.74
1565.16
1740.85
1770.37
1180.63
1523.01
1631.49
1116.31
650.68
624.04
1202.90
1847.84
1865.67
799.12
1306.91
1535.30
1649.04
1561.20
2079.14
1960.67
1944.62
1435.96
1956.89
972.58
917.79
406.36
631.81
1491.90
1367.64
1586.21
1600.42
2162.08
1810.37
1711.55
1608.60
1466.95
1539.77
1676.79
1996.18
2097.69
1394.55
695.66
1961.96
1480.87
1396.28
1434.42
1577.55
1852.47
1179.09
1229.41
1285.23
500.92
1561.20
1642.15
1682.33
1478.56
1206.95
1077.12
1292.85
1216.16
406.91
1548.87
949.34
1624.11
990.84
2030.59
962.14
1840.75
1872.44
1745.18
1612.43
1873.00
1271.52
1803.97
457.49
1269.10
2214.64
1022.81
1306.64
1392.10
1705.26
544.12
1485.37
1523.01
1389.11
1889.71
1944.89
225.12
1510.91
494.63
1732.46
1220.35
1568.41
1435.34
1779.08
2000.42
540.97
128.91
1365.21
1062.52
1060.47
1235.69
788.53
1796.98
738.92
1839.67
1682.10
601.81
883.11
1145.33
1779.92
1865.67
564.16
1513.04
1503.98
1154.77
572.73
601.81
1557.20
1366.61
982.64
1372.31
837.36
1565.16
647.00
1225.63
1785.53
1624.87
2214.64
1631.49
1429.72
946.39
1699.94
718.30
1473.75
1113.16
1707.38
1344.71
1489.99
1485.37
1483.48
1522.60
1478.93
1930.24
1758.56
1915.79
738.92
1858.36
1373.40
1724.68
1980.99
1691.68
1645.06
658.14
1287.00
1683.49
2016.46
1550.04
1871.27
1732.20
781.82
1579.73
1663.39
1785.72
1050.05
966.26
835.08
1478.56
2214.64
1152.99
1798.47
1608.55
1338.30
570.99
1645.06
828.16
1506.38
589.11
1120.22
1077.12
1309.85
1964.86
1846.41
873.97
631.81
788.62
683.10
1306.91
1142.89
718.71
1475.40
1761.68
1237.62
1549.54
1077.12
1346.14
1666.52
1491.90
483.34
1429.72
1408.25
457.49
415.96
1569.37
1367.64
1171.68
1165.44
1306.91
1185.24
738.92
1787.41
781.82
862.61
1429.72
1676.79
1501.10
1113.16
1516.58
1561.41
1649.49
1489.99
1807.33
1724.68
1691.68
1740.85
966.26
1798.47
1515.54
2000.19
1447.25
1364.54
1729.08
1489.99
1828.71
1921.13
1778.65
1794.57
1749.31
1190.16
1624.11
1645.06
1243.10
1410.58
1133.45
1628.60
1899.69
1977.89
2000.42
1360.76
1050.25
1466.95
631.81
877.17
1761.68
624.78
1686.98
290.36
1336.74
1996.18
1608.55
1624.11
1017.64
771.83
1705.26
1603.89
1394.38
1518.93
1489.99
1997.52
1698.00
535.67
1421.21
1796.70
1229.87
1394.38
1462.01
1588.80
1183.74
718.30
290.36
1745.09
800.30
1643.96
1828.71
1542.40
1632.42
1894.85
949.34
1386.33
1485.37
1372.31
1366.61
678.74
1815.02
1674.09
1435.34
522.58
1189.47
1513.28
1779.92
897.26
2072.18
800.30
718.30
1220.35
1373.40
1778.65
1421.45
1134.47
1921.68
2014.72
877.17
1372.83
1112.02
650.68
1496.46
1406.95
1755.18
406.91
1831.92
644.69
1568.41
1523.75
1791.96
935.40
667.98
1711.55
1649.04
1513.04
1543.17
1206.95
1450.67
1154.77
922.69
2015.18
1237.71
1389.11
1220.35
1170.54
1222.60
1503.98
1905.50
1396.28
755.30
1361.08
1133.45
1710.72
1520.73
1157.87
1565.16
1515.54
1698.00
1921.13
1649.42
1017.64
1656.28
2214.64
1164.20
1635.50
1624.58
1237.71
1285.20
1356.46
1256.92
1503.98
781.82
1444.13
1154.77
1192.88
1607.34
726.14
1353.77
1951.77
738.92
2197.33
1180.63
1155.05
949.34
1671.23
1798.38
1676.48
1459.63
1416.98
835.54
813.95
1724.42
1267.98
1746.74
1682.62
1696.65
1183.16
1577.55
1487.93
1793.21
1237.62
1344.17
1676.79
802.96
1878.06
1960.92
1915.79
1807.42
1865.67
1110.60
1556.70
282.89
1394.55
1222.60
1372.83
880.41
2162.08
1686.98
1410.58
907.19
1903.76
1031.34
158.35
676.38
924.90
1873.00
1967.87
1749.93
1628.60
2072.18
1171.68
1501.24
956.61
1468.46
1485.37
905.79
949.34
1628.60
1179.09
755.30
1416.33
1696.65
1306.91
1698.00
1870.43
1154.77
2097.69
1559.59
1476.03
1659.50
1466.95
1392.10
738.01
1216.16
678.74
1755.18
1673.70
877.17
1462.01
1110.00
1279.31
1285.20
589.11
1847.84
1634.13
1237.07
1810.94
1587.21
1328.85
2214.64
751.58
1396.28
1097.95
644.69
1490.51
835.54
1112.02
1826.93
1770.37
1606.76
1183.74
483.34
2090.54
738.92
1220.35
1395.03
1353.77
1557.94
1284.51
1361.08
1192.88
1229.41
1956.89
1624.11
787.42
1897.19
1342.39
877.17
704.94
1752.72
1516.68
573.58
1222.60
1458.63
303.94
1410.58
1190.16
1394.55
1707.38
1476.03
1313.95
1682.62
2159.33
499.26
1624.11
799.12
1673.70
1419.48
1113.16
1879.09
1634.13
1649.49
1531.20
1412.13
1875.72
1155.05
1777.72
1499.66
1356.46
1421.21
1732.20
494.63
866.07
901.36
879.65
1798.47
711.07
1120.10
1844.58
1522.60
1225.63
282.89
1372.83
1344.18
962.14
1163.10
788.62
1612.43
1710.72
1988.56
1434.42
1739.18
905.79
1501.24
2000.19
1624.87
1547.50
2162.08
1145.33
1535.30
1483.48
1328.85
1899.69
1658.97
1510.91
483.34
1809.91
837.80
1489.99
738.92
877.17
1422.12
1183.74
1476.48
1683.49
2143.74
1565.16
150.34
1593.24
1696.65
1277.26
1256.92
1683.49
1584.88
446.94
1063.46
2050.62
1682.33
1577.01
2014.72
1889.90
1395.03
1354.00
1634.13
1635.50
1389.11
448.34
1565.16
1788.75
1478.93
990.84
1758.56
704.94
546.04
538.36
1828.71
1353.87
